01 1000 1500
02 1500 1000
03 908 1500
04 1000 1500
06 1000 1500
07 1000 1500
08 1000 1500
09 1500 899
10 1500 1000
11 1500 1052
12 937 1500
13 1000 1500
14 1000 1500
15 1051 1500
16 853 1500
17 1500 1000
18 949 1500
19 1000 1500
20 1500 751
21 1000 1500
22 1500 1000
23 1000 1500
24 1500 1000
25 829 1500
26 1000 1500
27 1500 1000
28 1224 1500
29 1000 1500
30 1000 1500
31 1000 1500
32 1000 1500
33 1000 1500
34 1500 1000
35 1500 1020
36 1500 1000
37 1000 1500
38 1447 1500
39 1500 1000
40 1000 1500
41 1500 1000
42 1500 1000
43 1500 1072
44 955 1500
45 1500 1000
46 1000 1500
47 1000 1500
48 1000 1500
49 1000 1500
50 1500 1000
51 1000 1500
52 1000 1500
53 1500 1000
54 1500 1269
55 1000 1500
56 1000 1500
57 1000 1500
58 1500 1000
59 1000 1500
60 958 1500
61 1000 1500
62 1000 1500
63 1500 1000
64 943 1500
65 1000 1500
66 1500 1000
67 1000 1500
68 1123 1500
69 1000 1500
70 1000 1500
